RESET 0
FILE 00;38;5;203
DIR 01;38;5;196
LINK 01;38;5;203
MULTIHARDLINK 00;38;5;203
FIFO 40;38;5;196
SOCK 01;38;5;197
DOOR 01;38;5;197
BLK 40;38;5;196
CHR 40;38;5;196
ORPHAN 01;48;5;88;38;5;255
MISSING 01;48;5;88;38;5;255
SETUID 37;41
SETGID 30;43
CAPABILITY 30;41
STICKY_OTHER_WRITABLE 30;48;5;196
OTHER_WRITABLE 34;48;5;52
STICKY 37;48;5;52
EXEC 01;38;5;118
.tar 01;38;5;160
.tgz 01;38;5;160
.arc 01;38;5;160
.arj 01;38;5;160
.taz 01;38;5;160
.lha 01;38;5;160
.lz4 01;38;5;160
.lzh 01;38;5;160
.lzma 01;38;5;160
.tlz 01;38;5;160
.txz 01;38;5;160
.tzo 01;38;5;160
.t7z 01;38;5;160
.zip 01;38;5;160
.z 01;38;5;160
.dz 01;38;5;160
.gz 01;38;5;160
.lrz 01;38;5;160
.lz 01;38;5;160
.lzo 01;38;5;160
.xz 01;38;5;160
.zst 01;38;5;160
.tzst 01;38;5;160
.bz2 01;38;5;160
.bz 01;38;5;160
.tbz 01;38;5;160
.tbz2 01;38;5;160
.tz 01;38;5;160
.deb 01;38;5;160
.rpm 01;38;5;160
.jar 01;38;5;160
.war 01;38;5;160
.ear 01;38;5;160
.sar 01;38;5;160
.rar 01;38;5;160
.alz 01;38;5;160
.ace 01;38;5;160
.zoo 01;38;5;160
.cpio 01;38;5;160
.7z 01;38;5;160
.rz 01;38;5;160
.cab 01;38;5;160
.wim 01;38;5;160
.swm 01;38;5;160
.dwm 01;38;5;160
.esd 01;38;5;160
.jpg 01;38;5;203
.jpeg 01;38;5;203
.mjpg 01;38;5;203
.mjpeg 01;38;5;203
.gif 01;38;5;203
.bmp 01;38;5;203
.pbm 01;38;5;203
.pgm 01;38;5;203
.ppm 01;38;5;203
.tga 01;38;5;203
.xbm 01;38;5;203
.xpm 01;38;5;203
.tif 01;38;5;203
.tiff 01;38;5;203
.png 01;38;5;203
.svg 01;38;5;203
.svgz 01;38;5;203
.mng 01;38;5;203
.pcx 01;38;5;203
.mov 01;38;5;197
.mpg 01;38;5;197
.mpeg 01;38;5;197
.m2v 01;38;5;197
.mkv 01;38;5;197
.webm 01;38;5;197
.webp 01;38;5;203
.ogm 01;38;5;197
.mp4 01;38;5;197
.m4v 01;38;5;197
.mp4v 01;38;5;197
.vob 01;38;5;197
.qt 01;38;5;197
.nuv 01;38;5;197
.wmv 01;38;5;197
.asf 01;38;5;197
.rm 01;38;5;197
.rmvb 01;38;5;197
.flc 01;38;5;197
.avi 01;38;5;197
.fli 01;38;5;197
.flv 01;38;5;197
.gl 01;38;5;197
.dl 01;38;5;197
.xcf 01;38;5;203
.xwd 01;38;5;203
.yuv 01;38;5;203
.cgm 01;38;5;203
.emf 01;38;5;203
.ogv 01;38;5;197
.ogx 01;38;5;197
.aac 00;38;5;203
.au 00;38;5;203
.flac 00;38;5;203
.m4a 00;38;5;203
.mid 00;38;5;203
.midi 00;38;5;203
.mka 00;38;5;203
.mp3 00;38;5;203
.mpc 00;38;5;203
.ogg 00;38;5;203
.ra 00;38;5;203
.wav 00;38;5;203
.oga 00;38;5;203
.opus 00;38;5;203
.spx 00;38;5;203
.xspf 00;38;5;203
